0.234 0.010 0.345 0.456 0.567 0.678 0.789 0.890 0.901 0.123
0.234 0.020 0.345 0.456 0.567 0.678 0.789 0.890 0.901 0.123
0.234 0.030 0.345 0.456 0.567 0.678 0.789 0.890 0.901 0.123
0.234 0.040 0.345 0.456 0.567 0.678 0.789 0.890 0.901 0.123
0.234 0.050 0.345 0.456 0.567 0.678 0.789 0.890 0.901 0.123
0.234 0.060 0.345 0.456 0.567 0.678 0.789 0.890 0.901 0.123
0.234 0.070 0.345 0.456 0.567 0.678 0.789 0.890 0.901 0.123
0.234 0.080 0.345 0.456 0.567 0.678 0.789 0.890 0.901 0.123
0.234 0.090 0.345 0.456 0.567 0.678 0.789 0.890 0.901 0.123
0.234 0.100 0.345 0.456 0.567 0.678 0.789 0.890 0.901 0.123
0.234 0.110 0.345 0.456 0.567 0.678 0.789 0.890 0.901 0.123
0.234 0.120 0.345 0.456 0.567 0.678 0.789 0.890 0.901 0.123
0.234 0.130 0.345 0.456 0.567 0.678 0.789 0.890 0.901 0.123
0.234 0.140 0.345 0.456 0.567 0.678 0.789 0.890 0.901 0.123
0.234 0.150 0.345 0.456 0.567 0.678 0.789 0.890 0.901 0.123
0.234 0.160 0.345 0.456 0.567 0.678 0.789 0.890 0.901 0.123
0.234 0.170 0.345 0.456 0.567 0.678 0.789 0.890 0.901 0.123
0.234 0.180 0.345 0.456 0.567 0.678 0.789 0.890 0.901 0.123
0.234 0.190 0.345 0.456 0.567 0.678 0.789 0.890 0.901 0.123
0.234 0.200 0.345 0.456 0.567 0.678 0.789 0.890 0.901 0.123
